246 246 246 246 246 246 246 246 246 246 246 246 246 246 246 246 246 246 246 246 255 246 255 246 246 8 7 164 155 82 82 73 73 73 73 73 73 73 73 73 73 73 82 82 82 82 91 164 7 8 246 246 246 246 246 246 246 246 246 246 246 246 246 246 246 246 246 246 246 246 246 246 246 246 246 246 246 
246 246 246 246 246 246 246 246 246 246 246 246 246 246 246 246 246 246 246 246 246 246 8 8 247 155 82 82 73 73 73 73 0 73 0 0 73 0 73 73 73 73 73 73 73 73 0 73 82 155 247 8 8 8 246 246 246 246 246 246 246 246 246 246 246 246 246 246 246 246 246 246 246 246 246 246 246 
246 246 246 246 246 246 246 246 246 246 246 246 246 246 246 246 246 246 246 246 246 8 247 155 73 73 73 73 0 0 0 0 0 0 73 73 73 0 0 0 0 0 0 0 0 0 0 0 0 73 82 91 247 7 246 246 246 246 246 246 246 246 246 246 246 246 246 246 246 246 246 246 246 246 246 246 246 
246 246 246 246 246 246 246 246 246 246 246 246 246 246 246 246 246 246 246 246 7 155 0 73 0 0 0 0 0 0 0 0 0 0 0 0 0 0 0 0 0 0 0 0 0 0 0 0 0 0 73 73 73 82 164 7 8 246 246 246 246 246 246 246 246 246 246 246 246 246 246 246 246 246 246 246 246 
246 246 246 246 246 246 246 246 246 246 246 246 246 255 246 246 246 246 7 164 73 0 73 0 73 0 0 0 0 0 0 0 0 0 0 0 0 0 0 0 0 0 0 0 0 0 0 0 0 0 73 73 73 0 73 82 164 246 246 255 246 246 246 246 246 246 246 246 246 246 246 246 246 246 246 246 246 
246 246 246 246 246 246 246 246 246 246 246 246 246 246 246 246 7 164 73 73 73 0 73 0 0 0 0 0 0 0 0 0 0 0 0 0 0 0 0 0 0 0 0 0 0 0 0 0 0 0 0 0 0 0 73 73 73 82 7 246 246 246 246 246 246 246 246 246 246 246 246 246 246 246 246 246 246 
246 246 246 246 246 246 246 246 246 246 246 246 246 246 246 7 91 73 73 73 0 0 0 0 0 0 0 0 0 0 0 0 0 0 0 0 0 0 0 0 0 0 0 0 0 0 0 0 0 0 0 0 0 73 73 73 0 82 73 247 8 246 246 246 246 246 246 246 246 246 246 246 246 246 246 246 246 
246 246 246 246 246 246 246 246 246 246 246 246 8 246 247 82 73 0 0 0 0 0 0 0 0 0 0 0 0 0 0 0 0 0 0 0 0 0 0 0 0 0 0 0 0 0 0 0 0 0 0 0 0 73 0 0 73 0 73 73 164 7 246 246 246 246 246 246 246 246 246 246 246 246 246 246 246 
246 246 246 246 246 246 246 246 246 246 246 246 8 164 73 0 0 0 0 0 0 0 0 0 0 0 0 0 0 0 0 0 0 0 0 0 0 0 0 0 0 0 0 0 0 0 0 0 0 0 0 0 0 0 0 0 0 0 0 73 73 91 8 8 246 246 246 246 246 246 246 246 246 246 246 246 246 
246 246 246 246 246 246 246 246 246 255 246 246 247 73 73 73 0 0 0 0 0 0 0 0 0 0 0 0 0 0 0 0 0 0 0 0 0 0 0 0 0 0 0 0 0 0 0 0 0 0 0 0 0 0 0 0 0 0 0 0 73 73 91 7 246 246 246 246 246 246 246 246 246 246 246 246 246 
246 246 246 246 246 246 246 246 246 246 246 247 73 0 73 0 0 0 0 0 0 0 0 0 0 0 0 0 0 0 0 0 0 0 0 0 0 0 0 0 0 0 0 0 0 0 0 0 0 0 0 0 0 0 0 0 0 0 0 73 0 73 73 91 8 246 246 246 246 246 246 246 246 246 246 246 246 
246 246 246 246 246 246 246 246 246 246 247 73 73 73 0 0 0 0 0 0 0 0 0 0 0 0 0 0 0 0 0 0 0 0 0 0 0 0 0 0 0 0 0 0 0 0 0 0 0 0 0 0 0 0 0 0 0 0 0 0 0 73 73 73 91 8 246 246 246 246 246 246 246 246 246 246 246 
246 246 246 246 246 246 246 246 246 7 73 73 0 0 0 0 0 0 0 0 0 0 0 0 0 0 0 0 0 0 0 0 0 0 0 0 0 0 0 0 0 0 0 0 0 0 0 0 0 0 0 0 0 0 0 0 0 0 0 0 0 0 0 73 73 247 246 246 246 246 246 246 246 246 246 246 246 
246 246 246 246 246 255 246 246 7 82 73 0 0 0 0 0 0 0 0 0 0 0 0 0 0 0 0 0 0 0 0 0 0 0 0 0 0 0 0 0 0 0 0 0 0 0 0 0 0 0 0 0 0 0 0 0 0 0 0 0 0 0 0 0 73 82 247 246 255 246 246 246 246 246 246 246 246 
246 246 246 246 246 246 246 7 164 73 73 73 0 0 0 0 0 0 0 0 0 0 0 0 0 0 0 0 0 0 0 0 0 0 0 0 0 0 0 0 0 0 0 0 0 0 0 0 0 0 0 0 0 0 0 0 0 0 0 0 0 0 0 0 73 73 91 8 246 246 246 246 246 246 246 246 246 
246 246 246 246 246 246 246 247 73 73 0 0 0 0 0 0 0 0 0 0 0 0 0 0 0 0 0 0 0 0 0 0 0 0 0 0 0 0 0 0 0 0 0 0 0 0 0 0 0 0 0 0 0 0 0 0 0 0 0 0 0 0 0 0 0 0 73 164 8 246 246 246 246 246 246 246 246 
246 246 246 246 246 255 7 155 73 73 0 0 0 0 0 0 0 0 0 0 0 0 0 0 0 0 0 0 0 0 73 73 73 73 73 73 73 73 73 73 73 73 73 73 73 73 73 73 73 73 0 0 73 73 73 0 0 0 0 0 0 0 0 0 0 0 73 82 7 246 246 246 246 246 246 246 246 
246 246 246 246 246 8 247 73 73 0 0 0 0 0 0 0 0 0 0 73 73 73 73 73 73 73 73 73 73 73 73 73 73 73 73 73 73 73 73 73 73 73 73 73 73 73 73 73 73 73 73 73 73 73 73 73 73 73 0 0 0 0 0 0 0 0 73 73 91 246 246 246 246 246 246 246 246 
246 246 246 246 246 7 155 0 0 0 0 0 0 0 0 0 0 73 73 73 73 73 73 73 73 73 73 82 82 82 82 82 82 82 82 82 82 82 82 82 82 82 82 82 82 82 82 82 82 82 82 82 82 73 73 73 73 73 0 0 0 0 0 0 0 73 0 73 73 247 246 246 246 246 246 246 246 
246 246 246 246 8 247 73 0 0 0 0 0 0 0 0 0 0 73 73 73 82 82 82 82 82 91 91 91 91 91 91 91 91 91 91 91 82 82 82 82 91 91 91 155 155 155 155 155 155 91 91 91 91 82 82 82 82 73 73 0 0 0 0 0 73 0 73 73 73 91 8 246 246 246 246 246 246 
246 246 246 246 8 155 73 73 73 0 0 0 0 0 0 73 73 73 82 82 91 91 155 155 164 164 164 164 164 164 164 164 164 164 164 164 155 155 155 155 164 164 164 164 164 164 164 164 164 164 164 164 164 164 155 155 91 82 73 73 0 0 0 0 0 0 0 73 73 73 7 246 246 246 246 246 246 
246 246 246 246 247 73 73 0 0 0 0 0 0 0 73 73 82 82 155 155 155 164 164 164 164 164 164 164 164 247 247 247 247 247 247 247 164 164 164 164 164 247 247 247 247 247 247 247 247 164 164 164 164 164 164 164 164 155 82 82 73 73 0 0 73 0 73 73 73 0 164 246 246 246 246 246 246 
246 246 246 8 164 73 73 0 0 0 0 0 0 73 73 82 91 155 164 164 164 164 164 164 164 164 247 247 247 247 247 247 247 247 247 247 247 247 247 247 247 247 247 247 247 247 247 247 247 247 247 247 247 247 164 164 164 164 155 91 82 73 0 0 0 0 73 73 73 73 82 7 246 246 246 246 246 
246 246 246 7 73 73 73 0 0 0 0 0 0 73 82 155 164 164 164 164 164 164 164 164 247 247 247 247 247 247 247 247 247 247 247 247 247 247 247 247 247 247 247 247 247 247 247 247 247 247 247 247 247 247 247 247 164 164 164 164 91 82 73 73 73 0 0 73 73 73 0 164 246 246 246 246 246 
246 246 246 247 73 73 0 0 0 0 0 73 73 82 91 164 164 164 164 164 164 164 164 164 247 247 247 247 247 247 247 247 247 247 247 247 247 247 247 247 247 247 247 247 247 247 247 247 247 247 247 247 247 247 247 247 247 164 164 164 155 91 73 73 73 73 73 73 73 73 73 155 246 246 246 246 246 
246 246 246 91 73 0 0 0 0 73 0 73 82 91 164 164 164 164 164 164 164 164 164 247 247 247 247 247 247 247 247 247 247 247 247 247 247 247 247 247 247 247 247 247 247 247 247 247 247 247 247 247 247 247 247 247 247 247 164 164 164 155 82 73 73 73 0 0 0 0 73 82 7 246 246 246 246 
246 246 7 82 73 0 0 0 0 73 0 73 82 155 164 164 164 164 164 164 164 164 247 247 247 247 247 247 247 247 247 247 247 247 247 247 247 247 247 247 247 247 247 247 247 247 247 247 247 247 247 247 247 247 247 247 247 247 247 164 164 164 91 73 73 73 0 0 0 0 73 73 7 246 246 246 246 
246 246 247 73 73 0 0 0 0 73 73 82 155 164 164 164 164 164 164 164 164 164 247 247 247 247 247 247 247 247 247 247 247 247 247 247 247 247 247 247 247 247 247 247 247 247 247 247 247 247 247 247 247 247 247 247 247 247 247 164 164 164 164 82 73 73 0 0 0 73 0 73 247 246 246 246 246 
246 246 164 73 73 0 0 0 0 73 73 82 155 164 164 164 164 164 164 164 164 164 247 247 247 247 247 247 247 247 247 247 247 247 247 247 247 247 247 247 247 247 247 247 247 247 247 247 247 247 247 247 247 247 247 247 247 247 247 247 164 164 164 91 82 73 73 0 0 73 73 73 155 246 246 255 246 
246 246 91 73 73 0 0 0 0 73 73 91 164 164 164 164 164 164 164 164 164 164 247 247 247 247 247 247 247 247 247 247 247 247 247 247 247 247 247 247 247 247 247 247 247 247 247 247 247 247 247 247 247 247 247 247 247 247 247 247 247 164 164 164 82 73 73 73 0 0 0 73 82 246 246 246 246 
246 7 82 73 73 0 0 0 0 73 82 155 164 164 164 164 164 164 164 164 164 247 247 247 247 247 247 247 247 247 247 247 247 247 247 247 247 247 247 247 247 247 247 247 247 247 247 247 247 247 247 247 247 247 247 247 247 247 247 247 247 247 164 164 82 73 73 73 0 0 0 73 82 246 246 246 246 
246 8 82 73 0 0 0 0 73 73 82 155 164 164 164 164 164 164 164 164 164 247 247 247 247 247 247 247 247 247 247 247 247 247 247 247 247 247 247 247 247 247 247 247 247 247 247 247 247 247 247 247 247 247 247 247 247 247 247 247 247 164 164 164 91 82 73 73 73 0 73 73 82 255 246 246 246 
246 8 91 0 0 0 0 0 73 73 82 155 164 164 164 164 164 164 164 164 164 164 247 247 247 247 247 247 247 247 247 247 247 247 247 247 247 247 247 247 247 247 247 247 247 247 247 247 247 247 247 247 247 247 247 247 247 247 247 247 247 164 164 164 91 82 73 73 73 73 73 73 82 246 246 246 246 
246 8 91 73 0 0 0 0 73 73 82 155 164 164 164 164 164 164 164 164 164 164 247 247 247 247 247 247 247 247 247 247 247 247 247 247 247 247 247 247 247 247 247 247 247 247 247 247 247 247 247 247 247 247 247 247 247 247 247 247 247 164 164 164 155 82 73 73 73 73 73 73 82 246 246 246 246 
246 8 164 73 73 0 0 0 73 73 91 155 164 164 164 164 164 164 164 164 164 164 247 247 247 247 247 247 247 247 247 247 247 247 247 247 247 247 247 247 247 247 247 247 247 247 247 247 247 247 247 247 247 247 247 247 247 247 247 247 247 164 164 164 155 82 73 73 73 73 73 73 82 246 246 246 246 
246 246 164 73 73 0 0 0 73 73 91 155 164 164 164 164 164 164 164 164 164 164 247 247 247 247 247 247 247 247 247 247 247 247 247 247 247 247 247 247 247 247 247 247 247 247 247 247 247 247 247 247 247 247 247 247 247 247 247 247 247 164 164 164 155 82 73 73 73 73 73 73 82 246 246 246 246 
246 246 247 73 73 0 0 0 73 73 91 155 164 164 164 164 164 164 164 164 164 164 247 247 247 247 247 247 247 247 247 247 247 247 247 247 247 247 247 247 247 247 247 247 247 247 247 247 247 247 247 247 247 247 247 247 247 247 247 247 247 247 164 164 164 82 73 73 73 0 73 73 82 246 255 246 246 
246 246 247 73 0 0 0 0 73 73 91 155 164 164 164 164 164 164 164 164 164 164 247 247 247 247 247 247 247 247 247 247 247 247 247 247 247 247 247 247 247 247 247 247 247 247 247 247 247 247 247 247 247 247 247 247 247 247 247 247 247 247 164 164 164 91 73 73 73 0 73 73 91 246 255 246 246 
246 246 247 73 73 0 0 0 73 82 91 164 164 164 164 164 164 164 164 164 164 164 247 247 247 247 247 247 247 247 247 247 247 247 247 247 247 247 247 247 247 247 247 247 247 247 247 247 247 247 247 247 247 247 247 247 247 247 247 247 247 247 164 164 164 91 73 73 0 0 73 73 155 246 246 255 246 
246 246 7 73 0 0 0 0 73 73 91 164 164 164 164 164 164 164 164 164 164 164 247 247 247 247 247 247 247 247 247 247 247 247 247 247 247 247 247 247 247 247 247 247 247 247 247 247 247 247 247 247 247 247 247 247 247 247 247 247 247 247 164 164 164 155 73 73 73 73 0 73 164 246 246 255 246 
246 246 7 82 73 0 0 0 73 82 155 164 164 164 164 164 164 164 164 164 164 164 247 247 247 247 247 247 247 247 247 247 247 247 247 247 247 247 247 247 247 247 247 247 7 7 247 247 247 247 247 247 247 247 247 247 247 247 247 247 247 247 164 164 164 155 82 73 73 73 0 0 247 246 246 246 246 
246 246 7 82 0 0 0 0 73 82 155 164 164 164 164 164 164 164 164 164 164 164 247 247 247 247 247 247 247 247 247 247 247 247 247 247 247 247 247 247 247 247 247 7 7 247 247 247 247 247 247 247 247 247 247 247 247 247 247 247 247 247 164 164 164 164 82 73 73 73 0 0 7 246 246 246 246 
246 246 8 91 73 0 0 0 73 82 164 164 164 164 164 164 164 164 164 164 164 164 247 247 247 247 247 247 247 247 247 247 247 247 247 247 7 247 247 247 247 247 247 247 247 247 247 247 247 247 247 247 247 247 247 247 247 247 247 247 247 247 164 164 164 164 82 73 73 0 73 0 7 246 246 246 246 
246 246 246 164 0 0 0 0 73 82 164 164 164 164 164 164 164 164 164 164 164 164 164 164 164 247 247 247 247 247 247 247 247 247 247 247 247 247 247 247 247 247 247 247 247 247 247 247 247 247 247 247 247 164 164 164 164 164 164 164 247 247 164 164 164 164 82 73 73 0 0 73 8 246 246 246 246 
246 246 246 247 0 73 73 0 73 91 164 164 164 164 164 164 164 164 164 155 155 164 164 164 164 164 164 164 247 164 247 247 247 247 247 247 247 247 247 247 247 247 247 247 247 247 164 164 164 164 155 155 91 91 91 82 91 91 91 91 155 164 164 164 164 164 91 73 0 0 0 0 8 246 246 246 246 
246 246 246 247 73 0 73 0 73 91 164 164 164 164 164 155 82 82 82 82 82 82 82 82 82 82 82 91 155 164 164 164 247 247 247 247 247 247 247 247 247 247 247 164 164 164 155 91 82 82 73 82 73 73 73 82 82 82 82 82 82 91 164 164 164 164 91 73 0 0 0 82 246 246 246 246 246 
246 246 246 7 0 0 73 0 73 155 164 164 164 164 91 82 82 82 73 73 73 73 73 73 73 73 73 73 82 82 91 155 164 164 164 247 247 247 247 247 247 247 164 164 155 91 82 73 73 73 73 73 73 73 73 73 73 82 82 82 82 82 91 164 164 164 164 73 0 0 0 82 246 246 246 246 246 
246 246 246 7 0 0 73 0 73 155 164 164 164 91 82 82 73 73 73 73 73 73 0 0 0 0 0 73 73 73 82 82 91 164 164 164 247 247 247 247 247 164 164 164 82 82 82 73 73 73 73 73 73 82 82 82 91 91 155 91 91 82 82 155 164 164 164 73 73 0 0 91 246 255 246 246 246 
246 246 246 7 0 0 0 0 73 164 164 164 155 82 82 82 82 82 82 82 82 82 82 82 73 82 82 73 73 73 82 82 91 155 164 164 164 247 247 247 247 164 164 155 82 82 82 73 82 73 91 91 155 155 164 164 164 155 164 164 155 155 91 91 164 164 164 73 73 0 73 247 255 255 255 255 246 
246 246 246 246 73 73 73 0 73 164 164 164 91 82 91 91 155 155 155 155 155 155 155 155 155 91 82 82 82 82 82 82 82 91 155 164 164 247 247 247 247 164 164 155 82 82 82 91 82 82 73 73 73 82 82 91 164 164 164 164 164 164 155 155 164 164 164 73 0 0 73 82 164 255 246 246 246 
246 246 246 246 82 0 0 0 73 164 164 164 155 91 155 155 155 164 155 91 82 82 82 82 82 82 73 0 0 82 82 82 82 91 155 164 164 247 247 247 247 164 164 155 91 82 82 73 73 73 82 0 0 0 73 82 91 0 164 155 164 164 164 164 164 164 164 73 73 73 73 164 155 246 246 246 246 
246 246 255 91 91 73 73 0 73 164 164 164 155 155 155 155 155 91 73 73 82 0 0 0 0 0 0 73 91 73 82 82 82 82 155 164 164 247 247 247 247 164 164 91 91 82 73 82 73 91 0 82 91 0 0 82 0 82 82 73 155 164 164 164 164 164 164 82 73 73 91 155 91 246 246 246 246 
246 246 246 91 91 82 73 73 73 164 164 164 164 155 155 155 91 73 82 0 73 82 0 82 8 82 0 247 0 91 91 73 82 82 155 164 164 247 247 247 247 164 164 155 91 82 91 0 247 164 73 0 73 73 0 247 155 0 73 91 91 164 164 164 164 247 247 82 73 82 91 82 91 7 246 246 246 
246 246 7 91 82 91 73 73 82 164 164 164 164 164 155 91 73 82 0 91 164 91 73 0 0 0 0 164 164 164 73 91 91 82 91 164 164 247 247 247 247 164 164 155 155 155 82 247 247 7 0 82 73 73 0 164 164 82 82 82 91 164 164 164 164 247 247 91 73 82 91 91 91 7 246 246 246 
246 246 247 82 82 91 82 73 91 164 164 164 164 155 155 91 82 73 82 82 155 164 73 0 0 0 7 247 155 91 82 82 155 91 155 164 164 247 247 247 247 164 164 164 164 82 82 82 73 82 247 0 73 73 247 155 155 91 155 155 155 164 164 247 247 247 164 155 73 91 155 91 91 7 246 246 246 
246 246 7 82 82 91 82 73 155 164 164 164 164 164 155 155 91 91 91 91 82 155 155 155 91 164 155 155 155 164 164 155 82 91 155 164 164 247 247 247 247 164 164 164 164 164 164 164 155 155 155 164 155 155 155 91 164 164 164 164 164 164 247 247 247 247 164 164 82 155 164 155 91 7 246 255 246 
246 246 246 91 82 155 82 73 155 164 164 164 164 164 164 155 155 155 155 155 155 91 91 91 155 155 155 91 155 155 164 155 155 91 155 164 164 247 247 247 247 164 164 164 164 164 164 155 155 155 155 164 164 164 164 164 164 164 164 164 164 164 247 247 247 247 164 164 82 91 164 164 155 8 246 246 246 
246 8 246 91 82 155 91 82 155 164 164 164 164 164 164 164 164 164 164 164 164 164 155 164 164 155 155 155 155 155 155 155 155 155 155 164 164 164 247 247 247 164 164 164 164 164 164 164 164 164 164 164 164 164 164 164 164 164 164 247 247 247 247 247 247 247 247 164 82 155 164 164 164 246 246 246 246 
246 246 246 91 91 155 91 82 164 164 164 164 164 164 164 164 164 164 164 164 164 164 164 164 164 164 164 164 164 164 155 155 155 155 155 164 164 164 247 247 247 164 164 164 164 164 164 164 164 164 164 164 164 164 164 164 164 247 247 247 247 247 247 247 247 247 247 247 82 155 164 164 155 246 246 246 246 
246 255 246 155 91 155 91 82 164 164 164 164 164 164 164 164 164 164 164 164 164 164 164 164 164 164 164 164 164 164 164 155 155 155 164 164 164 164 247 247 247 164 164 164 164 164 164 164 164 164 164 247 247 247 247 247 247 247 247 247 247 247 247 247 247 247 247 247 82 155 164 164 164 246 246 246 246 
246 246 246 247 155 155 91 82 164 164 164 164 164 164 164 164 164 164 164 164 164 164 164 164 164 164 164 164 164 164 164 164 155 155 164 164 164 164 247 247 247 164 164 164 164 164 164 164 247 247 247 247 247 247 247 247 247 247 247 247 247 247 247 247 247 247 164 164 91 155 164 164 164 246 246 246 246 
246 246 246 8 155 155 91 82 155 164 164 164 164 164 164 164 164 164 164 164 164 164 164 164 164 164 164 164 164 164 164 164 164 164 164 164 164 164 247 247 247 164 164 164 164 164 164 164 247 247 247 247 247 247 247 247 247 247 247 247 247 247 247 247 247 164 164 164 91 155 164 164 247 246 246 246 246 
246 246 246 246 91 155 91 82 155 164 164 164 164 164 164 164 164 164 164 164 164 164 164 164 164 164 164 164 164 164 164 164 164 164 164 164 164 164 247 247 247 164 164 164 164 164 164 247 247 247 247 247 247 247 247 247 247 247 247 247 247 247 247 247 247 164 164 164 155 155 164 164 8 246 246 246 246 
246 246 246 246 155 164 82 91 155 164 164 164 164 164 164 164 164 164 164 164 164 164 164 164 164 164 164 164 164 164 164 164 164 164 164 164 164 164 247 247 164 164 164 164 164 164 164 247 247 247 247 247 247 247 247 247 247 247 247 247 247 247 247 247 247 164 164 164 155 155 164 164 246 246 246 246 246 
246 246 246 246 164 164 82 91 155 164 164 164 164 164 164 164 164 164 164 164 164 164 164 164 164 164 164 164 164 164 164 164 155 164 164 164 164 164 247 247 247 164 164 164 164 164 164 247 247 247 247 247 247 247 247 247 247 247 247 247 247 247 247 247 164 164 164 164 164 164 164 155 246 246 246 246 246 
246 246 246 246 8 155 91 82 91 164 164 164 164 164 164 164 164 164 164 164 164 164 164 164 164 164 164 164 164 164 164 155 155 155 164 164 164 164 247 247 247 247 164 164 164 164 164 247 247 247 247 247 247 247 247 247 247 247 247 247 247 247 247 247 164 164 164 164 164 164 164 164 246 246 246 246 246 
246 246 246 246 246 91 164 91 82 164 164 164 164 164 164 164 164 164 164 164 164 164 164 164 164 164 164 164 164 164 164 91 155 155 164 164 164 164 247 247 247 247 164 164 164 164 164 247 247 247 247 247 247 247 247 247 247 247 247 247 247 247 247 247 164 247 164 155 164 164 247 8 246 246 246 246 246 
246 246 246 246 246 155 164 164 155 164 164 164 164 164 164 164 164 164 164 164 164 164 164 164 164 247 164 164 164 164 155 91 155 155 164 164 164 164 247 247 247 247 164 164 164 164 164 164 247 247 247 247 247 247 247 247 247 247 247 247 247 247 247 247 164 247 164 155 164 247 164 246 246 246 246 246 246 
246 246 246 246 246 7 164 164 155 164 164 164 164 164 164 164 164 164 164 164 164 164 247 247 247 247 164 164 164 164 91 155 164 164 164 164 164 247 247 247 247 247 164 164 164 164 164 164 247 247 247 247 247 247 247 247 247 247 247 247 247 247 247 247 164 164 164 164 247 164 164 246 246 246 246 246 246 
246 246 246 246 246 246 155 164 155 155 164 164 164 164 164 164 164 164 164 164 164 164 164 247 247 247 164 164 164 164 91 155 164 164 164 164 164 247 247 247 247 247 164 164 164 164 164 164 164 164 247 247 247 247 247 247 247 247 247 247 247 247 164 164 164 164 164 164 164 247 7 246 246 246 246 246 246 
246 246 246 246 246 246 164 164 155 91 164 164 164 164 164 164 164 164 164 164 164 164 164 164 164 164 164 164 164 155 91 164 164 164 164 164 164 164 164 247 247 164 164 164 164 164 164 164 164 164 247 247 247 247 247 247 247 247 247 247 247 247 247 247 164 164 164 164 164 155 246 246 246 246 246 246 246 
246 246 246 246 246 246 246 164 164 91 164 164 164 164 164 164 164 164 164 164 164 164 164 164 164 164 164 164 164 164 82 155 91 91 155 164 155 164 164 164 164 164 164 91 82 155 164 164 164 164 164 247 247 247 247 247 247 247 247 247 247 247 164 164 164 164 164 164 91 246 255 246 246 246 246 246 246 
246 246 246 246 246 7 246 7 91 155 164 164 164 164 164 164 164 164 164 164 164 164 164 164 164 164 164 164 164 164 82 82 82 73 0 73 155 155 155 155 164 91 73 82 82 91 155 164 247 164 247 247 247 247 247 247 247 247 247 247 247 247 164 164 164 247 91 247 246 246 246 255 246 246 246 246 246 
246 246 246 246 8 255 246 8 246 247 155 164 164 164 164 164 164 164 164 164 164 164 164 164 164 164 164 164 164 164 155 91 82 82 82 82 73 82 91 91 155 91 91 82 82 91 164 164 164 247 247 247 247 247 247 247 247 247 247 247 247 164 164 164 164 164 164 246 246 246 246 246 246 246 246 246 246 
246 246 246 246 8 8 8 255 7 255 91 164 164 164 164 164 164 164 164 164 164 164 164 164 164 164 164 164 164 164 164 155 155 91 82 91 155 91 82 82 91 155 164 155 155 164 164 164 247 247 247 247 247 247 247 247 247 247 247 247 247 164 164 164 164 164 247 246 246 246 246 246 246 246 246 246 246 
246 246 246 246 246 246 8 246 8 8 247 164 164 164 164 164 164 164 164 164 164 164 164 164 164 164 164 164 164 164 164 164 155 155 155 155 164 155 155 155 155 164 164 164 164 164 164 164 164 164 247 247 247 247 247 247 247 247 247 247 247 164 164 164 164 164 8 255 246 246 246 246 246 246 246 246 246 
246 246 246 246 246 246 246 246 246 246 8 164 164 164 164 164 164 164 164 164 164 164 164 164 164 164 164 164 164 164 164 164 155 155 155 155 164 164 164 155 164 164 164 164 164 164 164 164 164 164 164 164 164 164 247 247 247 247 247 247 247 164 164 164 164 164 246 246 246 246 246 246 246 246 246 246 246 
246 246 246 246 246 246 246 246 8 246 255 155 164 164 164 164 164 164 164 164 164 164 164 164 164 164 164 164 164 164 164 164 155 155 155 164 164 164 164 164 164 164 164 164 164 164 164 164 164 164 164 164 164 164 164 247 247 247 247 164 164 164 164 164 164 155 255 246 246 246 246 246 246 246 246 246 246 
246 246 246 246 246 246 246 246 246 8 246 155 164 164 164 164 164 164 164 164 164 164 164 164 164 164 164 164 164 164 164 164 164 164 164 164 164 164 164 164 164 164 164 164 164 164 164 164 164 164 164 164 164 164 164 164 164 247 164 164 164 164 164 164 164 155 246 246 246 246 246 246 246 246 246 246 246 
246 246 246 246 246 246 246 246 246 8 246 164 164 164 164 164 164 164 164 164 164 164 164 164 164 164 164 164 164 164 164 164 164 164 164 164 164 164 164 164 164 164 164 164 164 164 164 164 164 164 164 164 164 164 164 164 247 247 164 164 164 164 164 164 164 155 246 246 246 246 246 246 246 246 246 246 246 
246 246 246 246 246 246 246 246 246 246 246 7 164 164 164 164 164 164 164 164 164 164 164 164 164 164 164 164 164 164 164 164 164 164 164 164 164 164 164 164 164 164 247 164 164 247 164 164 164 164 164 164 164 164 164 164 164 164 164 164 164 164 164 164 164 7 246 246 246 246 246 246 246 246 246 246 246 
246 246 246 246 246 246 246 246 246 8 8 255 164 164 164 164 164 164 164 164 164 164 164 164 164 164 164 164 164 164 164 164 164 164 164 155 155 164 164 164 164 155 155 164 164 164 247 164 164 164 164 164 164 164 164 164 164 164 164 164 164 164 247 164 155 255 246 246 246 246 246 246 246 246 246 246 246 
246 246 246 246 246 246 246 246 246 8 8 246 91 164 164 164 164 164 164 164 164 164 164 164 164 164 164 164 164 155 155 155 82 82 82 82 82 82 82 91 82 82 91 91 82 82 91 155 164 164 155 155 164 164 164 164 164 164 164 164 164 164 164 164 164 246 246 246 246 246 246 246 246 246 246 246 246 
246 246 246 246 246 246 246 246 246 246 8 8 247 164 164 164 164 164 164 164 164 164 164 164 164 164 155 82 82 82 82 73 73 73 82 82 82 82 82 82 82 82 73 73 73 73 73 0 0 0 73 91 164 164 164 164 164 164 164 164 164 164 164 247 7 246 246 246 246 246 246 246 246 246 246 246 246 
246 246 246 246 246 246 8 8 8 8 8 246 246 155 164 164 164 164 164 164 164 164 164 164 164 155 91 82 73 73 73 82 82 82 82 82 82 82 82 82 82 82 91 91 91 91 91 82 91 155 164 164 164 164 164 164 164 164 164 164 164 164 164 155 255 246 246 246 246 246 246 246 246 246 246 246 246 
246 246 246 246 246 246 8 8 8 8 8 8 8 164 164 164 164 164 164 164 164 164 164 164 164 155 155 155 155 91 82 82 82 91 91 91 155 155 155 155 155 155 155 155 91 91 155 155 164 164 164 164 164 164 164 164 164 164 164 164 164 164 164 164 246 246 246 246 246 246 246 246 246 246 246 246 246 
246 246 246 246 246 246 8 8 8 8 246 8 8 246 155 155 164 164 164 164 164 164 164 164 164 164 164 164 164 155 155 91 91 91 91 91 155 155 155 155 155 155 155 155 91 155 164 164 164 164 164 164 164 164 164 164 164 164 164 164 164 164 164 246 246 246 246 246 246 246 246 246 246 246 246 246 246 
246 246 246 246 246 246 8 8 8 8 8 8 8 246 155 164 164 164 164 164 164 164 164 164 164 164 164 164 155 164 164 164 155 155 155 91 155 91 91 91 155 155 155 155 164 164 164 164 164 164 164 164 164 164 164 164 164 164 164 164 164 164 91 246 246 246 246 246 246 246 246 246 246 246 246 246 246 
246 246 246 246 246 8 8 8 8 8 8 8 8 246 7 164 164 164 164 164 164 164 164 164 164 164 164 164 164 164 164 164 164 155 155 155 91 91 91 91 91 91 155 155 164 164 164 164 164 164 164 164 164 164 164 164 164 164 164 164 164 164 155 246 246 246 246 246 246 246 246 246 246 246 246 246 246 
246 246 246 246 246 8 8 8 8 8 8 8 8 8 246 164 164 164 164 164 164 164 164 164 164 164 164 164 164 164 164 164 164 155 155 155 155 91 91 91 91 91 155 164 164 164 164 164 164 164 164 164 164 164 164 164 164 164 164 164 164 164 164 246 246 246 246 246 246 246 246 246 246 246 246 246 246 
246 246 246 246 246 8 8 8 8 8 8 8 8 8 246 164 155 164 164 164 164 164 164 155 155 164 164 164 164 164 164 164 164 155 155 155 155 91 91 91 91 155 155 164 164 164 164 164 164 164 164 164 164 164 164 164 164 164 164 164 164 164 164 246 246 246 246 246 246 246 246 246 246 246 246 246 246 
246 246 246 246 246 8 8 8 8 8 8 8 8 246 246 155 155 164 164 164 164 164 155 155 155 155 155 164 164 164 164 164 164 164 164 164 155 155 155 155 155 155 164 164 164 164 164 164 164 164 164 164 164 164 164 164 164 164 164 164 164 164 164 246 246 246 246 246 246 246 246 246 246 246 246 246 246 
246 246 246 8 8 8 8 8 8 8 8 8 8 8 246 164 164 155 155 155 164 155 155 155 155 155 155 155 155 164 164 164 164 164 164 164 164 164 155 164 164 164 164 164 164 164 164 164 164 164 164 164 164 164 164 164 164 164 164 164 164 164 164 246 246 246 246 246 246 246 246 246 246 246 246 246 246 
246 246 246 8 8 8 8 8 8 8 8 8 8 8 246 164 164 155 155 155 155 155 155 155 155 155 155 155 155 164 164 164 164 164 164 164 164 164 164 164 164 164 164 164 164 164 164 164 164 164 164 164 164 164 164 164 164 164 164 164 164 164 164 246 246 246 246 246 246 246 246 246 246 246 246 246 246 
246 246 246 8 8 8 8 8 8 8 8 8 8 8 8 164 164 164 155 155 155 155 155 155 155 155 155 155 155 164 164 164 164 164 164 164 164 164 164 164 164 164 164 164 164 164 164 164 164 164 164 164 164 164 164 164 164 164 164 164 164 164 164 246 246 246 246 246 246 246 246 246 246 246 246 246 246 
246 246 246 8 8 8 8 8 8 8 8 8 8 8 8 164 164 164 155 155 155 155 155 155 155 155 155 155 155 164 164 164 164 164 164 164 164 164 164 164 164 164 164 164 164 164 164 164 164 164 164 164 164 164 164 164 164 164 164 164 164 164 164 246 246 246 246 246 246 246 246 246 246 246 246 246 246 
246 246 8 8 8 8 8 8 8 8 8 8 8 8 246 164 164 164 164 155 155 155 155 155 155 155 155 155 155 155 164 164 164 164 164 164 164 164 164 164 164 164 164 164 164 164 164 164 164 164 164 164 164 155 155 155 164 164 164 164 164 247 164 8 8 8 246 246 246 246 246 246 246 246 246 246 246 
246 246 8 8 8 8 8 8 8 8 8 8 246 246 246 164 164 164 164 155 155 155 91 155 155 91 91 155 155 155 155 155 164 164 164 164 164 164 164 164 164 164 164 164 164 164 164 164 164 164 155 155 164 164 155 164 164 164 164 164 164 247 164 247 7 7 246 246 246 246 246 246 246 246 246 246 246 
246 246 8 8 8 8 8 8 8 8 8 8 8 8 7 164 164 164 164 155 155 155 155 91 155 91 91 91 91 155 155 155 164 164 164 164 164 164 164 164 164 164 164 164 164 164 164 164 164 155 155 155 155 155 155 164 164 164 164 164 164 164 164 164 247 7 246 246 246 246 246 246 246 246 246 246 246 
246 246 8 8 8 8 8 8 8 8 8 8 7 7 164 164 164 164 164 164 164 155 155 155 91 91 91 91 91 91 155 155 155 155 164 164 164 164 164 164 164 164 164 164 164 164 164 155 155 155 155 155 91 155 164 164 164 164 164 164 164 164 164 164 155 164 246 246 246 246 246 246 246 246 246 246 246 
246 246 246 8 8 8 8 8 8 246 8 8 7 7 164 164 164 164 164 164 164 155 155 155 91 91 91 91 91 91 91 155 155 155 155 155 164 164 164 164 164 164 164 164 164 164 155 155 155 155 91 91 155 155 164 164 164 164 164 164 164 164 164 164 164 91 246 246 246 246 246 246 246 246 246 246 246 
246 246 8 8 8 8 8 8 8 246 246 8 7 164 164 164 164 164 164 164 164 164 155 155 91 91 91 91 91 91 91 91 91 155 155 155 155 155 155 155 155 155 155 155 155 155 155 155 155 91 91 155 155 164 164 164 164 164 164 164 164 164 164 164 164 82 246 246 246 246 246 246 246 246 246 246 246 
246 8 8 8 8 8 8 8 8 246 246 8 7 91 164 164 164 164 164 164 164 164 164 155 155 155 155 91 91 82 91 91 91 91 91 155 155 155 155 155 155 155 155 155 155 91 91 91 91 91 155 164 164 164 164 164 164 164 164 247 247 247 164 164 164 82 246 246 246 246 246 246 246 246 246 246 246 
246 8 8 8 8 8 8 8 8 8 246 8 7 91 164 164 164 164 164 164 164 164 164 164 155 155 155 155 91 91 91 82 82 82 82 91 91 91 91 91 91 91 91 91 91 91 91 91 91 155 164 164 164 164 164 164 164 164 164 247 247 164 247 164 164 91 246 246 246 246 246 246 246 246 246 246 246 
8 8 8 8 8 8 8 246 246 246 246 8 8 91 164 164 164 164 164 164 164 164 164 164 155 155 155 155 155 91 91 91 82 82 82 82 82 91 91 91 91 91 91 91 91 91 91 155 155 164 164 164 164 164 164 164 164 164 164 247 247 247 164 164 164 164 246 246 246 246 246 246 246 246 246 246 246 
8 8 8 8 8 8 246 246 246 246 246 246 8 82 164 164 164 164 164 164 164 164 164 164 164 164 155 155 155 155 155 91 91 91 91 91 82 91 91 91 91 91 91 91 91 155 155 164 164 164 164 164 164 164 164 164 247 247 247 247 247 247 164 247 164 8 246 246 246 246 246 246 246 246 246 246 246 
8 8 8 8 8 246 246 246 246 246 246 246 246 164 164 164 164 164 164 164 164 164 164 164 164 164 164 155 155 155 155 155 155 91 91 91 91 91 91 91 91 155 155 155 155 155 164 164 164 164 164 164 164 164 164 247 247 247 247 247 247 247 164 247 164 246 246 246 246 246 246 246 246 246 246 246 246 
8 8 8 246 246 246 246 246 246 246 246 246 246 246 155 164 164 164 164 164 164 164 164 164 164 164 164 164 164 155 155 155 155 155 155 155 155 155 155 155 155 164 164 164 164 164 164 164 164 164 164 164 164 164 247 247 247 247 247 247 247 164 247 164 164 246 255 246 246 246 246 246 246 246 246 246 246 
8 8 8 246 246 246 246 246 246 246 246 246 246 246 155 164 164 164 164 164 164 164 164 164 164 164 164 164 164 164 155 155 155 155 155 155 155 155 155 155 155 164 164 164 164 164 164 164 164 164 164 164 164 247 247 247 247 247 247 247 247 164 247 164 8 246 246 246 246 246 246 246 246 246 246 246 246 
8 8 8 246 246 246 246 246 246 246 246 246 246 8 7 155 164 164 164 164 164 164 164 164 164 164 164 164 164 164 164 164 164 164 164 164 164 164 164 164 164 164 164 164 164 164 164 164 164 164 164 164 247 247 247 247 247 247 247 247 247 247 247 164 246 246 246 246 246 246 246 246 246 246 246 246 246 
